place;jobs-cl;jobs-dh;jobs
Trier;17;12;29
Koblenz;22;14;36
Kaiserslautern;12;4;16
Saarbrücken;34;3;37
Wiesbaden;6;2;8
Wittlich;1;0;1
Darmstadt;8;2;10
Bitburg;1;0;1
Wadern;4;0;4
Dortmund;15;2;17
Würzburg;5;12;17
Kassel;3;2;5
Göttingen;5;15;20
München;44;12;56
Berlin;32;16;48
Hamburg;12;3;15
Köln;4;32;36
